0 0.972457 0.715729 0.053695 0.093681
0 0.323359 0.528285 0.047531 0.066014
0 0.262293 0.543549 0.040727 0.055764
0 0.825617 0.553174 0.072453 0.071042
0 0.765852 0.602361 0.068687 0.075500
0 0.383754 0.485035 0.041961 0.041181
0 0.614992 0.506118 0.047953 0.043208
0 0.636621 0.476743 0.038711 0.032819
0 0.622125 0.452410 0.045359 0.026792
0 0.429918 0.948479 0.105617 0.101014
0 0.239852 0.935451 0.069875 0.124819
0 0.313801 0.480347 0.039742 0.027889
0 0.324289 0.420438 0.028312 0.022375
0 0.306199 0.403229 0.023836 0.018069
0 0.273527 0.409681 0.023242 0.020167
0 0.213500 0.394069 0.016562 0.018333
0 0.197012 0.396243 0.017570 0.016736
0 0.489258 0.457292 0.023047 0.024028
0 0.559059 0.775174 0.082117 0.124764
0 0.835090 0.689382 0.090305 0.084542
0 0.555629 0.460847 0.035242 0.038972
0 0.282715 0.652715 0.056102 0.099875
0 0.502848 0.649896 0.069930 0.107847
0 0.245195 0.468882 0.037844 0.045958
0 0.352063 0.438153 0.024984 0.019639
0 0.396699 0.429840 0.020930 0.020986
0 0.461547 0.473958 0.031125 0.030139
