0 0.506246 0.424382 0.103430 0.079153
0 0.220320 0.391847 0.019375 0.026528
0 0.283723 0.402611 0.027539 0.021583
0 0.248371 0.401458 0.026242 0.022361
0 0.303023 0.421118 0.021906 0.016958
0 0.344664 0.431146 0.024938 0.024681
0 0.364402 0.410903 0.021039 0.023528
0 0.388906 0.428444 0.027109 0.028528
0 0.469230 0.970167 0.102508 0.048111
0 0.254074 0.944729 0.095742 0.097125
0 0.627930 0.867951 0.117078 0.163736
0 0.275793 0.489528 0.038633 0.045389
0 0.320977 0.477285 0.037625 0.030458
0 0.374559 0.509236 0.044008 0.045389
0 0.567648 0.524938 0.055547 0.038486
0 0.709703 0.551840 0.060687 0.062014
0 0.821996 0.559021 0.068773 0.055764
0 0.424316 0.566549 0.052336 0.080403
0 0.301055 0.650069 0.051656 0.093056
0 0.332496 0.536979 0.043039 0.062375
0 0.778430 0.655236 0.084578 0.071583
0 0.800590 0.506889 0.063258 0.047667
0 0.682031 0.497563 0.052500 0.052875
0 0.565293 0.478840 0.051898 0.052153
0 0.258871 0.546056 0.041852 0.098833
0 0.651383 0.444938 0.123328 0.080431
0 0.955594 0.604542 0.060469 0.071000
