0 0.267730 0.408403 0.022523 0.024472
0 0.238648 0.408979 0.026891 0.021597
0 0.193453 0.398750 0.014578 0.015556
0 0.308605 0.473431 0.036867 0.038194
0 0.768801 0.568944 0.067367 0.067306
0 0.814422 0.519597 0.059906 0.057917
0 0.772852 0.652861 0.078312 0.090583
0 0.635223 0.557438 0.058961 0.051931
0 0.274926 0.490722 0.038617 0.040778
0 0.271941 0.832722 0.080508 0.161889
0 0.275813 0.707993 0.062688 0.101264
0 0.608117 0.889674 0.110719 0.182292
0 0.238781 0.532014 0.034844 0.046972
0 0.686523 0.742688 0.090188 0.116347
0 0.497332 0.481389 0.042758 0.038750
0 0.462691 0.949444 0.114289 0.095083
0 0.762918 0.409319 0.037430 0.050444
0 0.379301 0.616139 0.057492 0.092389
0 0.478305 0.608660 0.061547 0.084653
0 0.596555 0.464083 0.030484 0.042833
0 0.966277 0.702340 0.059602 0.089903
0 0.326355 0.423438 0.034852 0.022708
0 0.554984 0.461979 0.050094 0.046292
0 0.319285 0.405340 0.023602 0.016708
0 0.427090 0.434493 0.037102 0.037736
0 0.397523 0.447882 0.033375 0.027069
