0 0.656367 0.525153 0.039609 0.027250
0 0.243297 0.466326 0.036281 0.049708
0 0.666902 0.492826 0.043492 0.032319
0 0.206262 0.480667 0.030102 0.041556
0 0.454348 0.957583 0.110305 0.077694
0 0.866848 0.720812 0.096039 0.097514
0 0.620637 0.550562 0.052273 0.055542
0 0.737148 0.626257 0.064141 0.064736
0 0.267316 0.539250 0.040164 0.069194
0 0.782094 0.534035 0.044672 0.039958
0 0.743824 0.561326 0.053289 0.051264
0 0.560852 0.510090 0.048672 0.048569
0 0.289469 0.501903 0.037484 0.041806
0 0.396125 0.691528 0.059344 0.093444
0 0.502387 0.554028 0.049195 0.056472
0 0.348238 0.432333 0.032367 0.027667
0 0.218039 0.400694 0.026344 0.018278
0 0.223012 0.424986 0.030805 0.025889
0 0.507605 0.435757 0.114695 0.109153
0 0.436973 0.442243 0.022352 0.029958
0 0.427613 0.501715 0.041523 0.047486
0 0.366641 0.509458 0.040359 0.051611
