0 0.774734 0.870417 0.118641 0.148306
0 0.409402 0.675194 0.059086 0.113833
0 0.284801 0.690958 0.060633 0.132806
0 0.340656 0.542938 0.051359 0.061986
0 0.850840 0.694007 0.089523 0.083181
0 0.521508 0.653722 0.071312 0.110250
0 0.673965 0.959215 0.107836 0.075847
0 0.598500 0.462292 0.025828 0.033444
0 0.445250 0.462319 0.040984 0.028222
0 0.489570 0.433431 0.031062 0.039750
0 0.464754 0.445819 0.014508 0.025306
0 0.371988 0.405813 0.028742 0.023736
0 0.311449 0.402715 0.024383 0.018569
0 0.264813 0.395701 0.017656 0.016125
0 0.243512 0.408944 0.030461 0.024194
0 0.211273 0.404479 0.020406 0.019875
0 0.226441 0.385063 0.026414 0.020653
0 0.177789 0.394229 0.016547 0.010319
0 0.246949 0.907264 0.098727 0.153556
0 0.877773 0.645674 0.082687 0.071264
0 0.267227 0.587076 0.047422 0.076542
0 0.700340 0.598917 0.066695 0.071306
0 0.715336 0.513646 0.055375 0.059792
0 0.456187 0.604014 0.051344 0.077194
0 0.420961 0.542125 0.053422 0.049028
0 0.495434 0.553736 0.047320 0.050583
0 0.236461 0.518903 0.033813 0.045611
0 0.573730 0.488444 0.045820 0.042167
0 0.362660 0.437208 0.033430 0.022472
0 0.313867 0.425354 0.029781 0.020986
0 0.265418 0.484354 0.035758 0.041458
0 0.227910 0.452222 0.035367 0.033861
