0 0.292566 0.503799 0.040148 0.049764
0 0.778488 0.657007 0.079383 0.086292
0 0.262273 0.898542 0.121719 0.191667
0 0.551418 0.476806 0.049258 0.047778
0 0.476270 0.632667 0.059898 0.081889
0 0.700043 0.537701 0.057023 0.058625
0 0.231883 0.468882 0.032641 0.029681
0 0.326898 0.541167 0.039641 0.059556
0 0.736105 0.518403 0.052773 0.050639
0 0.464660 0.452056 0.035133 0.030972
0 0.369977 0.441778 0.024484 0.019000
0 0.340418 0.421042 0.027539 0.017861
0 0.228152 0.407361 0.021383 0.018722
0 0.298219 0.405493 0.026406 0.016125
0 0.323574 0.448694 0.037586 0.028806
0 0.268977 0.436021 0.033047 0.022458
0 0.236414 0.443514 0.031750 0.021889
0 0.274891 0.463528 0.034187 0.029083
0 0.380289 0.512757 0.041516 0.054708
0 0.463031 0.518694 0.049063 0.061417
0 0.544184 0.577792 0.055742 0.061944
0 0.405406 0.449681 0.031109 0.029889
0 0.174121 0.376444 0.062008 0.065639
0 0.285625 0.625569 0.053938 0.103528
0 0.616543 0.497646 0.051570 0.059653
0 0.256250 0.402597 0.020812 0.016722
0 0.265242 0.415618 0.020609 0.013014
0 0.846871 0.615396 0.060648 0.054486
0 0.663438 0.472528 0.040375 0.026972
0 0.516484 0.433736 0.041812 0.035611
0 0.990824 0.642319 0.018023 0.057972
0 0.438078 0.582187 0.048578 0.062819
0 0.623305 0.679708 0.078016 0.101861
