0 0.326762 0.419514 0.029164 0.026778
0 0.447813 0.457743 0.046500 0.048264
0 0.440617 0.581764 0.052109 0.067083
0 0.342871 0.543014 0.040086 0.067778
0 0.532348 0.674667 0.070008 0.105194
0 0.491508 0.462472 0.038531 0.040222
0 0.626020 0.499549 0.052102 0.053181
0 0.287199 0.587153 0.066648 0.146694
0 0.248188 0.518104 0.034766 0.078847
0 0.499820 0.556868 0.065250 0.073042
0 0.218062 0.400514 0.013281 0.021028
0 0.200973 0.401951 0.021867 0.021597
0 0.176426 0.392590 0.020086 0.016125
0 0.243570 0.433056 0.036766 0.029083
0 0.255484 0.459549 0.032719 0.026208
0 0.286910 0.405118 0.026570 0.023903
0 0.386059 0.425708 0.019117 0.028222
0 0.365562 0.437514 0.035484 0.032250
0 0.432391 0.424125 0.034344 0.032556
0 0.517602 0.438528 0.046656 0.038306
0 0.834859 0.550903 0.077813 0.067611
0 0.353258 0.473854 0.048797 0.049931
0 0.839027 0.618604 0.091758 0.080875
0 0.595125 0.528715 0.048922 0.060597
0 0.722699 0.548438 0.064523 0.070153
