0 0.444523 0.464076 0.034672 0.034986
0 0.869426 0.959729 0.105211 0.068264
0 0.676059 0.962917 0.097133 0.064750
0 0.330051 0.545319 0.039898 0.049972
0 0.286016 0.633424 0.042656 0.058431
0 0.275410 0.581007 0.041523 0.040153
0 0.237965 0.522118 0.036383 0.047292
0 0.342602 0.497583 0.038891 0.037472
0 0.347871 0.467472 0.035883 0.029000
0 0.498320 0.485063 0.044797 0.035653
0 0.536652 0.436750 0.036367 0.030333
0 0.314367 0.416639 0.028187 0.023333
0 0.264434 0.412382 0.023336 0.026764
0 0.236961 0.401653 0.025094 0.022361
0 0.189938 0.396146 0.018203 0.015681
0 0.170832 0.392903 0.012461 0.013694
0 0.392340 0.447049 0.030945 0.023903
0 0.382461 0.425306 0.028672 0.019583
0 0.545910 0.583528 0.066852 0.090778
0 0.811191 0.676153 0.085023 0.082917
0 0.682719 0.721694 0.086203 0.128083
0 0.522504 0.693181 0.066523 0.116250
0 0.676910 0.580743 0.062211 0.066819
0 0.929129 0.608486 0.083602 0.075306
0 0.397578 0.657521 0.069687 0.137236
0 0.596523 0.529813 0.038641 0.048931
0 0.610254 0.474090 0.050336 0.051625
0 0.447281 0.573403 0.053781 0.065833
0 0.979398 0.580125 0.041125 0.071694
0 0.936516 0.692208 0.085641 0.076556
0 0.282738 0.782111 0.078508 0.169556
0 0.663152 0.476292 0.043758 0.030861
0 0.213746 0.436896 0.031367 0.028514
0 0.240848 0.467674 0.033367 0.032069
0 0.264059 0.450076 0.037133 0.032569
0 0.203965 0.478403 0.027352 0.045500
0 0.472828 0.424257 0.044422 0.045319
