0 0.380320 0.478736 0.038563 0.033694
0 0.443539 0.502944 0.049437 0.066778
0 0.657918 0.699174 0.088586 0.113542
0 0.544996 0.502125 0.044727 0.050056
0 0.308668 0.521285 0.039961 0.057486
0 0.650879 0.573160 0.051320 0.038792
0 0.628617 0.510549 0.052250 0.047597
0 0.920125 0.651618 0.100234 0.102764
0 0.766156 0.642278 0.077375 0.085111
0 0.597602 0.826569 0.094047 0.139778
0 0.240277 0.915375 0.082727 0.148000
0 0.495168 0.629076 0.060602 0.101486
0 0.401004 0.679521 0.060992 0.110708
0 0.370406 0.592403 0.046719 0.069639
0 0.870570 0.930111 0.142297 0.132278
0 0.664559 0.965313 0.104477 0.062097
0 0.533711 0.580313 0.048359 0.052819
0 0.375219 0.519056 0.043578 0.044639
0 0.702863 0.498931 0.056852 0.056694
0 0.467348 0.453493 0.040352 0.020875
0 0.418836 0.434785 0.037578 0.028347
0 0.543980 0.457965 0.045477 0.035458
0 0.332129 0.483194 0.038070 0.038028
0 0.257766 0.479306 0.034828 0.036583
0 0.249426 0.446042 0.032398 0.025333
0 0.262141 0.413785 0.018625 0.019014
0 0.296324 0.419264 0.028352 0.024194
0 0.217363 0.406479 0.021695 0.014458
0 0.188945 0.394250 0.013516 0.010694
0 0.174492 0.399875 0.014453 0.012778
0 0.465781 0.422153 0.030359 0.024083
0 0.408645 0.413764 0.019602 0.020167
0 0.346316 0.425215 0.033695 0.020736
0 0.351582 0.403042 0.023820 0.020167
0 0.238551 0.404278 0.018617 0.015806
