0 0.387211 0.634174 0.074656 0.176681
0 0.436004 0.574208 0.023836 0.061556
0 0.290078 0.439056 0.035141 0.033861
0 0.748547 0.577972 0.070609 0.064361
0 0.737738 0.492535 0.051555 0.051847
0 0.293238 0.778486 0.072430 0.150000
0 0.370387 0.476479 0.031648 0.034069
0 0.401453 0.415826 0.029906 0.029431
0 0.918918 0.554326 0.065508 0.045986
0 0.262125 0.483694 0.034047 0.030083
0 0.262016 0.455160 0.033828 0.027764
0 0.260086 0.411292 0.027547 0.025444
0 0.213781 0.404347 0.019516 0.014639
0 0.195625 0.389042 0.019437 0.019583
0 0.333816 0.486021 0.042555 0.046042
0 0.322051 0.417250 0.041477 0.034167
0 0.251699 0.551090 0.041086 0.049458
0 0.292254 0.506646 0.039008 0.062097
0 0.328020 0.541375 0.038570 0.062972
0 0.508844 0.566375 0.054641 0.063167
0 0.897281 0.460250 0.070922 0.064389
0 0.301063 0.596229 0.042797 0.074347
0 0.544289 0.733528 0.073797 0.110306
0 0.913605 0.597639 0.082945 0.045833
0 0.733289 0.794667 0.109359 0.168417
0 0.432504 0.510069 0.047367 0.061500
