0 0.874926 0.697778 0.079148 0.081972
0 0.273965 0.839493 0.085648 0.135764
0 0.853082 0.942514 0.107055 0.108250
0 0.433125 0.897521 0.092188 0.199875
0 0.346301 0.410819 0.017664 0.017778
0 0.231492 0.398972 0.013672 0.021944
0 0.189020 0.395042 0.023633 0.020472
0 0.253207 0.403618 0.029305 0.031014
0 0.348562 0.492778 0.033375 0.040472
0 0.296312 0.464708 0.043141 0.048306
0 0.571742 0.448167 0.036984 0.033139
0 0.562676 0.490326 0.042820 0.043514
0 0.598555 0.639875 0.070531 0.083444
0 0.337371 0.430986 0.025414 0.019194
0 0.830715 0.612056 0.071617 0.062139
0 0.985582 0.636264 0.028383 0.087583
0 0.639145 0.561507 0.038602 0.050625
0 0.307414 0.529340 0.047016 0.072653
0 0.239656 0.521167 0.040266 0.063167
0 0.382117 0.624201 0.050766 0.077236
0 0.668086 0.521965 0.043828 0.044931
0 0.423809 0.421687 0.037070 0.034153
0 0.507133 0.464465 0.040359 0.037986
