0 0.346250 0.489757 0.042844 0.053014
0 0.374715 0.440194 0.033695 0.033417
0 0.408086 0.434722 0.028516 0.028806
0 0.185648 0.388340 0.018531 0.018958
0 0.172855 0.396292 0.015727 0.018806
0 0.306184 0.413299 0.020102 0.019597
0 0.613719 0.476444 0.036594 0.034639
0 0.482516 0.436819 0.029422 0.032333
0 0.575605 0.480167 0.052039 0.051056
0 0.718422 0.604090 0.064609 0.080347
0 0.426887 0.938014 0.115555 0.118722
0 0.816148 0.928771 0.146391 0.139181
0 0.776609 0.422312 0.042937 0.043958
0 0.455813 0.519625 0.048594 0.058750
0 0.528711 0.726479 0.068359 0.103097
0 0.850078 0.562396 0.061766 0.079153
0 0.265254 0.483160 0.040461 0.036847
0 0.256711 0.548257 0.039906 0.048542
0 0.249855 0.397542 0.024367 0.017861
0 0.212289 0.403194 0.025547 0.023056
0 0.482926 0.471910 0.041492 0.029542
0 0.386320 0.626479 0.060344 0.094069
0 0.591023 0.523118 0.037328 0.045514
0 0.456922 0.587201 0.055906 0.070347
0 0.276934 0.604681 0.046836 0.076667
0 0.785410 0.561993 0.099039 0.095264
